   4.0140800e-01   2.5821000e-02
   3.8967100e-01   6.1033000e-02
   4.1314500e-01   7.9812000e-02
   4.6713600e-01   1.0093900e-01
   5.5868500e-01   1.5727700e-01
   6.1971800e-01   2.8403700e-01
   5.9154900e-01   3.9671300e-01
   5.4694800e-01   4.7183100e-01
   5.1173700e-01   5.1643200e-01
   5.1877900e-01   5.5868500e-01
   4.3427200e-01   5.2112600e-01
   3.8497600e-01   5.6338000e-01
   3.3802800e-01   5.6103300e-01
   3.6619700e-01   5.1408400e-01
   3.3802800e-01   4.7417800e-01
   2.9342700e-01   4.8591500e-01
   2.6995300e-01   4.8122000e-01
   2.3004700e-01   4.2253500e-01
   1.7370900e-01   3.3568000e-01
   1.3380300e-01   2.6525800e-01
   9.3897000e-02   2.6056300e-01
   4.2253000e-02   2.9577400e-01
   0.0000000e+00   2.9108000e-01
   2.3470000e-03   2.4413100e-01
   3.7559000e-02   1.8309800e-01
   1.1971800e-01   1.5258200e-01
   1.7605600e-01   1.5962400e-01
   2.3004700e-01   1.7136100e-01
   2.2769900e-01   1.0798100e-01
   2.1126700e-01   3.5211000e-02
   2.7699500e-01   4.9295000e-02
   3.3568100e-01   0.0000000e+00
