   4.0383870e+00   4.4229950e+00
   5.9934790e+00   4.9358070e+00
   7.4998570e+00   6.1857840e+00
   7.6601170e+00   4.9037560e+00
   7.0511470e+00   4.0383870e+00
   7.6921670e+00   4.2306910e+00
   7.4998570e+00   3.2691710e+00
   6.4742400e+00   2.5961060e+00
   7.1793570e+00   2.5320050e+00
   6.6024420e+00   1.6986870e+00
   5.6729720e+00   1.3781800e+00
   6.6665440e+00   8.0126730e-01
   8.0126770e+00   7.0511520e-01
   5.5127190e+00   0.0000000e+00
   3.0127650e+00   6.4101390e-01
   1.2820280e+00   2.6602070e+00
   8.3331800e-01   4.7755530e+00
   0.0000000e+00   5.6729720e+00
   9.2947000e-01   5.5447700e+00
   2.8845600e-01   6.3139860e+00
   1.2820280e+00   5.9614290e+00
   2.3076500e+00   6.4742400e+00
   3.7499310e+00   5.8973270e+00
   4.0383870e+00   4.4229950e+00
